-138978 255, 253, 225, 30
-139741 255, 253, 222, 35
-138978 255, 253, 225, 30
-7900 255, 255, 225, 36
-7900 255, 255, 225, 36
-138978 255, 253, 225, 30
-7646 255, 255, 226, 34
-7646 255, 255, 226, 34
-138980 255, 253, 225, 28
-138978 255, 253, 225, 30
-138978 255, 253, 225, 30
-138980 255, 253, 225, 28
-467936 255, 248, 220, 32
-204773 255, 252, 224, 27
-138978 255, 253, 225, 30
-138978 255, 253, 225, 30
-73435 255, 254, 225, 37
-138978 255, 253, 225, 30
-138978 255, 253, 225, 30
-205025 255, 252, 223, 31
-138978 255, 253, 225, 30
-138978 255, 253, 225, 30
-7394 255, 255, 227, 30
-138978 255, 253, 225, 30
-138978 255, 253, 225, 30
-135812 255, 253, 237, 124
-70277 255, 254, 237, 123
-70277 255, 254, 237, 123
-138978 255, 253, 225, 30
-10066330 255, 102, 102, 102
-10197916 255, 100, 100, 100
-855310 255, 242, 242, 242
-394759 255, 249, 249, 249
-138978 255, 253, 225, 30
-138978 255, 253, 225, 30
-138978 255, 253, 225, 30
-10854054 255, 90, 97, 90
-7900 255, 255, 225, 36
-10004118 255, 103, 89, 106
-138978 255, 253, 225, 30
-204773 255, 252, 224, 27
-335081 255, 250, 227, 23
-335081 255, 250, 227, 23
-138978 255, 253, 225, 30
-138978 255, 253, 225, 30
-10066330 255, 102, 102, 102
-10132123 255, 101, 101, 101
-986896 255, 240, 240, 240
-131587 255, 253, 253, 253
-10132125 255, 101, 101, 99
-10132125 255, 101, 101, 99
-10132125 255, 101, 101, 99
-10132125 255, 101, 101, 99
-9477257 255, 111, 99, 119
-138978 255, 253, 225, 30
-138978 255, 253, 225, 30
-204773 255, 252, 224, 27
-138978 255, 253, 225, 30
-138978 255, 253, 225, 30
-138978 255, 253, 225, 30
-138978 255, 253, 225, 30
-10066330 255, 102, 102, 102
-10132123 255, 101, 101, 101
-986896 255, 240, 240, 240
-131587 255, 253, 253, 253
-10066581 255, 102, 101, 107
-10066581 255, 102, 101, 107
-10066581 255, 102, 101, 107
-10066581 255, 102, 101, 107
-10000535 255, 103, 103, 105
-138978 255, 253, 225, 30
-138978 255, 253, 225, 30
-204773 255, 252, 224, 27
-138978 255, 253, 225, 30
-138978 255, 253, 225, 30
-138978 255, 253, 225, 30
-138978 255, 253, 225, 30
-9803158 255, 106, 106, 106
-9868951 255, 105, 105, 105
-1052689 255, 239, 239, 239
-394759 255, 249, 249, 249
-138978 255, 253, 225, 30
-138978 255, 253, 225, 30
-138978 255, 253, 225, 30
-9671329 255, 108, 109, 95
-205021 255, 252, 223, 35
-10063519 255, 102, 113, 97
-138978 255, 253, 225, 30
-204773 255, 252, 224, 27
-138978 255, 253, 225, 30
-138978 255, 253, 225, 30
-138978 255, 253, 225, 30
-138978 255, 253, 225, 30
-8418 255, 255, 223, 30
-138978 255, 253, 225, 30
-204773 255, 252, 224, 27
-138978 255, 253, 225, 30
-138978 255, 253, 225, 30
-204773 255, 252, 224, 27
-138978 255, 253, 225, 30
-138978 255, 253, 225, 30
-138978 255, 253, 225, 30
-7908 255, 255, 225, 28
-204773 255, 252, 224, 27
-138978 255, 253, 225, 30
-138978 255, 253, 225, 30
-204773 255, 252, 224, 27
-138978 255, 253, 225, 30
-138978 255, 253, 225, 30
-270567 255, 251, 223, 25
-7646 255, 255, 226, 34
-138978 255, 253, 225, 30
-138978 255, 253, 225, 30
-7646 255, 255, 226, 34
-138978 255, 253, 225, 30
-204771 255, 252, 224, 29
-204771 255, 252, 224, 29
-138978 255, 253, 225, 30
-138978 255, 253, 225, 30
-7642 255, 255, 226, 38
-7642 255, 255, 226, 38
-138978 255, 253, 225, 30
