-16777216 255, 0, 0, 0
-16777216 255, 0, 0, 0
-16777216 255, 0, 0, 0
-16777216 255, 0, 0, 0
-16777216 255, 0, 0, 0
-9942984 255, 104, 72, 56
-9942984 255, 104, 72, 56
-9942984 255, 104, 72, 56
-16777216 255, 0, 0, 0
-16777216 255, 0, 0, 0
-16777216 255, 0, 0, 0
-9942984 255, 104, 72, 56
-6789032 255, 152, 104, 88
-9942984 255, 104, 72, 56
-9942984 255, 104, 72, 56
-9942984 255, 104, 72, 56
-9942984 255, 104, 72, 56
-13621208 255, 48, 40, 40
-8896448 255, 120, 64, 64
-8896448 255, 120, 64, 64
-8896448 255, 120, 64, 64
-2580360 255, 216, 160, 120
-16777216 255, 0, 0, 0
-16777216 255, 0, 0, 0
-16777216 255, 0, 0, 0
-6789032 255, 152, 104, 88
-6789032 255, 152, 104, 88
-6789032 255, 152, 104, 88
-9942984 255, 104, 72, 56
-9942984 255, 104, 72, 56
-13621208 255, 48, 40, 40
-470856 255, 248, 208, 184
-470856 255, 248, 208, 184
-470856 255, 248, 208, 184
-1513224 255, 232, 232, 248
-470856 255, 248, 208, 184
-8896448 255, 120, 64, 64
-16777216 255, 0, 0, 0
-13080400 255, 56, 104, 176
-13080400 255, 56, 104, 176
-16777216 255, 0, 0, 0
-16777216 255, 0, 0, 0
-9942984 255, 104, 72, 56
-6789032 255, 152, 104, 88
-6789032 255, 152, 104, 88
-6789032 255, 152, 104, 88
-9942984 255, 104, 72, 56
-9942984 255, 104, 72, 56
-13621208 255, 48, 40, 40
-470856 255, 248, 208, 184
-470856 255, 248, 208, 184
-6776672 255, 152, 152, 160
-16777216 255, 0, 0, 0
-470856 255, 248, 208, 184
-470856 255, 248, 208, 184
-8896448 255, 120, 64, 64
-10244622 255, 99, 173, 242
-16777216 255, 0, 0, 0
-16777216 255, 0, 0, 0
-16777216 255, 0, 0, 0
-13080400 255, 56, 104, 176
-16777216 255, 0, 0, 0
-16777216 255, 0, 0, 0
-9942984 255, 104, 72, 56
-9942984 255, 104, 72, 56
-6789032 255, 152, 104, 88
-6789032 255, 152, 104, 88
-9942984 255, 104, 72, 56
-13621208 255, 48, 40, 40
-470856 255, 248, 208, 184
-470856 255, 248, 208, 184
-470856 255, 248, 208, 184
-1513224 255, 232, 232, 248
-1513224 255, 232, 232, 248
-470856 255, 248, 208, 184
-470856 255, 248, 208, 184
-8896448 255, 120, 64, 64
-10244622 255, 99, 173, 242
-16777216 255, 0, 0, 0
-16777216 255, 0, 0, 0
-470856 255, 248, 208, 184
-2580360 255, 216, 160, 120
-16777216 255, 0, 0, 0
-16777216 255, 0, 0, 0
-9942984 255, 104, 72, 56
-9942984 255, 104, 72, 56
-9942984 255, 104, 72, 56
-6789032 255, 152, 104, 88
-9942984 255, 104, 72, 56
-9942984 255, 104, 72, 56
-13621208 255, 48, 40, 40
-470856 255, 248, 208, 184
-470856 255, 248, 208, 184
-470856 255, 248, 208, 184
-470856 255, 248, 208, 184
-2580360 255, 216, 160, 120
-470856 255, 248, 208, 184
-2580360 255, 216, 160, 120
-8896448 255, 120, 64, 64
-1513224 255, 232, 232, 248
-10244622 255, 99, 173, 242
-10244622 255, 99, 173, 242
-470856 255, 248, 208, 184
-2580360 255, 216, 160, 120
-16777216 255, 0, 0, 0
-16777216 255, 0, 0, 0
-9942984 255, 104, 72, 56
-9942984 255, 104, 72, 56
-9942984 255, 104, 72, 56
-9942984 255, 104, 72, 56
-9942984 255, 104, 72, 56
-13621208 255, 48, 40, 40
-9942984 255, 104, 72, 56
-13621208 255, 48, 40, 40
-470856 255, 248, 208, 184
-2580360 255, 216, 160, 120
-2580360 255, 216, 160, 120
-2580360 255, 216, 160, 120
-2580360 255, 216, 160, 120
-2580360 255, 216, 160, 120
-2580360 255, 216, 160, 120
-13621208 255, 48, 40, 40
-10244622 255, 99, 173, 242
-10244622 255, 99, 173, 242
-13080400 255, 56, 104, 176
-13621208 255, 48, 40, 40
-16777216 255, 0, 0, 0
-16777216 255, 0, 0, 0
-9942984 255, 104, 72, 56
-9942984 255, 104, 72, 56
-9942984 255, 104, 72, 56
-6789032 255, 152, 104, 88
-9942984 255, 104, 72, 56
-9942984 255, 104, 72, 56
-9942984 255, 104, 72, 56
-9942984 255, 104, 72, 56
-9942984 255, 104, 72, 56
-13621208 255, 48, 40, 40
-2580360 255, 216, 160, 120
-13080400 255, 56, 104, 176
-2580360 255, 216, 160, 120
-2580360 255, 216, 160, 120
-16777216 255, 0, 0, 0
-13080400 255, 56, 104, 176
-13621208 255, 48, 40, 40
-13621208 255, 48, 40, 40
-13621208 255, 48, 40, 40
-12031824 255, 72, 104, 176
-16777216 255, 0, 0, 0
-16777216 255, 0, 0, 0
-9942984 255, 104, 72, 56
-9942984 255, 104, 72, 56
-9942984 255, 104, 72, 56
-9942984 255, 104, 72, 56
-9942984 255, 104, 72, 56
-9942984 255, 104, 72, 56
-9942984 255, 104, 72, 56
-9942984 255, 104, 72, 56
-9942984 255, 104, 72, 56
-16777216 255, 0, 0, 0
-2580360 255, 216, 160, 120
-2580360 255, 216, 160, 120
-2580360 255, 216, 160, 120
-2580360 255, 216, 160, 120
-16777216 255, 0, 0, 0
-13080400 255, 56, 104, 176
-13080400 255, 56, 104, 176
-13080400 255, 56, 104, 176
-13080400 255, 56, 104, 176
-12031824 255, 72, 104, 176
-12031824 255, 72, 104, 176
-16777216 255, 0, 0, 0
-16777216 255, 0, 0, 0
-9942984 255, 104, 72, 56
-9942984 255, 104, 72, 56
-9942984 255, 104, 72, 56
-9942984 255, 104, 72, 56
-9942984 255, 104, 72, 56
-9942984 255, 104, 72, 56
-9942984 255, 104, 72, 56
-9942984 255, 104, 72, 56
-9942984 255, 104, 72, 56
-9942984 255, 104, 72, 56
-16777216 255, 0, 0, 0
-2580360 255, 216, 160, 120
-2580360 255, 216, 160, 120
-8896448 255, 120, 64, 64
-13621208 255, 48, 40, 40
-13621208 255, 48, 40, 40
-13080400 255, 56, 104, 176
-13080400 255, 56, 104, 176
-12031824 255, 72, 104, 176
-12031824 255, 72, 104, 176
-12031824 255, 72, 104, 176
-10244622 255, 99, 173, 242
-16777216 255, 0, 0, 0
-16777216 255, 0, 0, 0
-9942984 255, 104, 72, 56
-9942984 255, 104, 72, 56
-9942984 255, 104, 72, 56
-9942984 255, 104, 72, 56
-9942984 255, 104, 72, 56
-9942984 255, 104, 72, 56
-9942984 255, 104, 72, 56
-9942984 255, 104, 72, 56
-13621208 255, 48, 40, 40
-9942984 255, 104, 72, 56
-13621208 255, 48, 40, 40
-13621208 255, 48, 40, 40
-13621208 255, 48, 40, 40
-16777216 255, 0, 0, 0
-16777216 255, 0, 0, 0
-2580360 255, 216, 160, 120
-2580360 255, 216, 160, 120
-16777216 255, 0, 0, 0
-16777216 255, 0, 0, 0
-12031824 255, 72, 104, 176
-13080400 255, 56, 104, 176
-10244622 255, 99, 173, 242
-16777216 255, 0, 0, 0
-16777216 255, 0, 0, 0
-9942984 255, 104, 72, 56
-9942984 255, 104, 72, 56
-9942984 255, 104, 72, 56
-9942984 255, 104, 72, 56
-9942984 255, 104, 72, 56
-9942984 255, 104, 72, 56
-9942984 255, 104, 72, 56
-9942984 255, 104, 72, 56
-13621208 255, 48, 40, 40
-13621208 255, 48, 40, 40
-13621208 255, 48, 40, 40
-16777216 255, 0, 0, 0
-16777216 255, 0, 0, 0
-16777216 255, 0, 0, 0
-16777216 255, 0, 0, 0
-10244622 255, 99, 173, 242
-10244622 255, 99, 173, 242
-16777216 255, 0, 0, 0
-16777216 255, 0, 0, 0
-9942984 255, 104, 72, 56
-9942984 255, 104, 72, 56
-9942984 255, 104, 72, 56
-9942984 255, 104, 72, 56
-9942984 255, 104, 72, 56
-9942984 255, 104, 72, 56
-9942984 255, 104, 72, 56
-9942984 255, 104, 72, 56
-13621208 255, 48, 40, 40
-13621208 255, 48, 40, 40
-13621208 255, 48, 40, 40
-16777216 255, 0, 0, 0
-16777216 255, 0, 0, 0
-16777216 255, 0, 0, 0
-16777216 255, 0, 0, 0
-9942984 255, 104, 72, 56
-9942984 255, 104, 72, 56
-9942984 255, 104, 72, 56
-9942984 255, 104, 72, 56
-9942984 255, 104, 72, 56
-9942984 255, 104, 72, 56
-13621208 255, 48, 40, 40
-13621208 255, 48, 40, 40
-13621208 255, 48, 40, 40
-16777216 255, 0, 0, 0
-16777216 255, 0, 0, 0
-16777216 255, 0, 0, 0
-9942984 255, 104, 72, 56
-9942984 255, 104, 72, 56
-9942984 255, 104, 72, 56
-9942984 255, 104, 72, 56
-13621208 255, 48, 40, 40
-16777216 255, 0, 0, 0
-16777216 255, 0, 0, 0
-16777216 255, 0, 0, 0
-16777216 255, 0, 0, 0
-16777216 255, 0, 0, 0
