col(0,0,0);
rect(70,90,9,9);
col(0,0,0);
rect(70,100,9,9);
col(0,0,0);
rect(70,110,9,9);
col(0,0,0);
rect(80,70,9,9);
col(0,0,0);
rect(80,80,9,9);
col(104,72,56);
rect(80,90,9,9);
col(104,72,56);
rect(80,100,9,9);
col(104,72,56);
rect(80,110,9,9);
col(0,0,0);
rect(80,120,9,9);
col(0,0,0);
rect(80,130,9,9);
col(0,0,0);
rect(90,60,9,9);
col(104,72,56);
rect(90,70,9,9);
col(152,104,88);
rect(90,80,9,9);
col(104,72,56);
rect(90,90,9,9);
col(104,72,56);
rect(90,100,9,9);
col(104,72,56);
rect(90,110,9,9);
col(104,72,56);
rect(90,120,9,9);
col(48,40,40);
rect(90,130,9,9);
col(120,64,64);
rect(90,140,9,9);
col(120,64,64);
rect(90,150,9,9);
col(120,64,64);
rect(90,160,9,9);
col(216,160,120);
rect(90,170,9,9);
col(0,0,0);
rect(90,240,9,9);
col(0,0,0);
rect(90,250,9,9);
col(0,0,0);
rect(100,60,9,9);
col(152,104,88);
rect(100,70,9,9);
col(152,104,88);
rect(100,80,9,9);
col(152,104,88);
rect(100,90,9,9);
col(104,72,56);
rect(100,100,9,9);
col(104,72,56);
rect(100,110,9,9);
col(48,40,40);
rect(100,120,9,9);
col(248,208,184);
rect(100,130,9,9);
col(248,208,184);
rect(100,140,9,9);
col(248,208,184);
rect(100,150,9,9);
col(232,232,248);
rect(100,160,9,9);
col(248,208,184);
rect(100,170,9,9);
col(120,64,64);
rect(100,180,9,9);
col(0,0,0);
rect(100,230,9,9);
col(56,104,176);
rect(100,240,9,9);
col(56,104,176);
rect(100,250,9,9);
col(0,0,0);
rect(100,260,9,9);
col(0,0,0);
rect(110,50,9,9);
col(104,72,56);
rect(110,60,9,9);
col(152,104,88);
rect(110,70,9,9);
col(152,104,88);
rect(110,80,9,9);
col(152,104,88);
rect(110,90,9,9);
col(104,72,56);
rect(110,100,9,9);
col(104,72,56);
rect(110,110,9,9);
col(48,40,40);
rect(110,120,9,9);
col(248,208,184);
rect(110,130,9,9);
col(248,208,184);
rect(110,140,9,9);
col(152,152,160);
rect(110,150,9,9);
col(0,0,0);
rect(110,160,9,9);
col(248,208,184);
rect(110,170,9,9);
col(248,208,184);
rect(110,180,9,9);
col(120,64,64);
rect(110,190,9,9);
col(99,173,242);
rect(110,210,9,9);
col(0,0,0);
rect(110,220,9,9);
col(0,0,0);
rect(110,230,9,9);
col(0,0,0);
rect(110,240,9,9);
col(56,104,176);
rect(110,250,9,9);
col(0,0,0);
rect(110,260,9,9);
col(0,0,0);
rect(120,50,9,9);
col(104,72,56);
rect(120,60,9,9);
col(104,72,56);
rect(120,70,9,9);
col(152,104,88);
rect(120,80,9,9);
col(152,104,88);
rect(120,90,9,9);
col(104,72,56);
rect(120,100,9,9);
col(48,40,40);
rect(120,110,9,9);
col(248,208,184);
rect(120,120,9,9);
col(248,208,184);
rect(120,130,9,9);
col(248,208,184);
rect(120,140,9,9);
col(232,232,248);
rect(120,150,9,9);
col(232,232,248);
rect(120,160,9,9);
col(248,208,184);
rect(120,170,9,9);
col(248,208,184);
rect(120,180,9,9);
col(120,64,64);
rect(120,190,9,9);
col(99,173,242);
rect(120,200,9,9);
col(0,0,0);
rect(120,210,9,9);
col(0,0,0);
rect(120,220,9,9);
col(248,208,184);
rect(120,230,9,9);
col(216,160,120);
rect(120,240,9,9);
col(0,0,0);
rect(120,250,9,9);
col(0,0,0);
rect(130,40,9,9);
col(104,72,56);
rect(130,50,9,9);
col(104,72,56);
rect(130,60,9,9);
col(104,72,56);
rect(130,70,9,9);
col(152,104,88);
rect(130,80,9,9);
col(104,72,56);
rect(130,90,9,9);
col(104,72,56);
rect(130,100,9,9);
col(48,40,40);
rect(130,110,9,9);
col(248,208,184);
rect(130,120,9,9);
col(248,208,184);
rect(130,130,9,9);
col(248,208,184);
rect(130,140,9,9);
col(248,208,184);
rect(130,150,9,9);
col(216,160,120);
rect(130,160,9,9);
col(248,208,184);
rect(130,170,9,9);
col(216,160,120);
rect(130,180,9,9);
col(120,64,64);
rect(130,190,9,9);
col(232,232,248);
rect(130,200,9,9);
col(99,173,242);
rect(130,210,9,9);
col(99,173,242);
rect(130,220,9,9);
col(248,208,184);
rect(130,230,9,9);
col(216,160,120);
rect(130,240,9,9);
col(0,0,0);
rect(130,250,9,9);
col(0,0,0);
rect(140,40,9,9);
col(104,72,56);
rect(140,50,9,9);
col(104,72,56);
rect(140,60,9,9);
col(104,72,56);
rect(140,70,9,9);
col(104,72,56);
rect(140,80,9,9);
col(104,72,56);
rect(140,90,9,9);
col(48,40,40);
rect(140,100,9,9);
col(104,72,56);
rect(140,110,9,9);
col(48,40,40);
rect(140,120,9,9);
col(248,208,184);
rect(140,130,9,9);
col(216,160,120);
rect(140,140,9,9);
col(216,160,120);
rect(140,150,9,9);
col(216,160,120);
rect(140,160,9,9);
col(216,160,120);
rect(140,170,9,9);
col(216,160,120);
rect(140,180,9,9);
col(216,160,120);
rect(140,190,9,9);
col(48,40,40);
rect(140,200,9,9);
col(99,173,242);
rect(140,210,9,9);
col(99,173,242);
rect(140,220,9,9);
col(56,104,176);
rect(140,230,9,9);
col(48,40,40);
rect(140,240,9,9);
col(0,0,0);
rect(140,250,9,9);
col(0,0,0);
rect(150,40,9,9);
col(104,72,56);
rect(150,50,9,9);
col(104,72,56);
rect(150,60,9,9);
col(104,72,56);
rect(150,70,9,9);
col(152,104,88);
rect(150,80,9,9);
col(104,72,56);
rect(150,90,9,9);
col(104,72,56);
rect(150,100,9,9);
col(104,72,56);
rect(150,110,9,9);
col(104,72,56);
rect(150,120,9,9);
col(104,72,56);
rect(150,130,9,9);
col(48,40,40);
rect(150,140,9,9);
col(216,160,120);
rect(150,150,9,9);
col(56,104,176);
rect(150,160,9,9);
col(216,160,120);
rect(150,170,9,9);
col(216,160,120);
rect(150,180,9,9);
col(0,0,0);
rect(150,190,9,9);
col(56,104,176);
rect(150,200,9,9);
col(48,40,40);
rect(150,210,9,9);
col(48,40,40);
rect(150,220,9,9);
col(48,40,40);
rect(150,230,9,9);
col(72,104,176);
rect(150,240,9,9);
col(0,0,0);
rect(150,250,9,9);
col(0,0,0);
rect(160,40,9,9);
col(104,72,56);
rect(160,50,9,9);
col(104,72,56);
rect(160,60,9,9);
col(104,72,56);
rect(160,70,9,9);
col(104,72,56);
rect(160,80,9,9);
col(104,72,56);
rect(160,90,9,9);
col(104,72,56);
rect(160,100,9,9);
col(104,72,56);
rect(160,110,9,9);
col(104,72,56);
rect(160,120,9,9);
col(104,72,56);
rect(160,130,9,9);
col(0,0,0);
rect(160,140,9,9);
col(216,160,120);
rect(160,150,9,9);
col(216,160,120);
rect(160,160,9,9);
col(216,160,120);
rect(160,170,9,9);
col(216,160,120);
rect(160,180,9,9);
col(0,0,0);
rect(160,190,9,9);
col(56,104,176);
rect(160,200,9,9);
col(56,104,176);
rect(160,210,9,9);
col(56,104,176);
rect(160,220,9,9);
col(56,104,176);
rect(160,230,9,9);
col(72,104,176);
rect(160,240,9,9);
col(72,104,176);
rect(160,250,9,9);
col(0,0,0);
rect(160,260,9,9);
col(0,0,0);
rect(170,40,9,9);
col(104,72,56);
rect(170,50,9,9);
col(104,72,56);
rect(170,60,9,9);
col(104,72,56);
rect(170,70,9,9);
col(104,72,56);
rect(170,80,9,9);
col(104,72,56);
rect(170,90,9,9);
col(104,72,56);
rect(170,100,9,9);
col(104,72,56);
rect(170,110,9,9);
col(104,72,56);
rect(170,120,9,9);
col(104,72,56);
rect(170,130,9,9);
col(104,72,56);
rect(170,140,9,9);
col(0,0,0);
rect(170,150,9,9);
col(216,160,120);
rect(170,160,9,9);
col(216,160,120);
rect(170,170,9,9);
col(120,64,64);
rect(170,180,9,9);
col(48,40,40);
rect(170,190,9,9);
col(48,40,40);
rect(170,200,9,9);
col(56,104,176);
rect(170,210,9,9);
col(56,104,176);
rect(170,220,9,9);
col(72,104,176);
rect(170,230,9,9);
col(72,104,176);
rect(170,240,9,9);
col(72,104,176);
rect(170,250,9,9);
col(99,173,242);
rect(170,260,9,9);
col(0,0,0);
rect(170,270,9,9);
col(0,0,0);
rect(180,40,9,9);
col(104,72,56);
rect(180,50,9,9);
col(104,72,56);
rect(180,60,9,9);
col(104,72,56);
rect(180,70,9,9);
col(104,72,56);
rect(180,80,9,9);
col(104,72,56);
rect(180,90,9,9);
col(104,72,56);
rect(180,100,9,9);
col(104,72,56);
rect(180,110,9,9);
col(104,72,56);
rect(180,120,9,9);
col(48,40,40);
rect(180,130,9,9);
col(104,72,56);
rect(180,140,9,9);
col(48,40,40);
rect(180,150,9,9);
col(48,40,40);
rect(180,160,9,9);
col(48,40,40);
rect(180,170,9,9);
col(0,0,0);
rect(180,180,9,9);
col(0,0,0);
rect(180,190,9,9);
col(216,160,120);
rect(180,200,9,9);
col(216,160,120);
rect(180,210,9,9);
col(0,0,0);
rect(180,220,9,9);
col(0,0,0);
rect(180,230,9,9);
col(72,104,176);
rect(180,240,9,9);
col(56,104,176);
rect(180,250,9,9);
col(99,173,242);
rect(180,260,9,9);
col(0,0,0);
rect(180,270,9,9);
col(0,0,0);
rect(190,50,9,9);
col(104,72,56);
rect(190,60,9,9);
col(104,72,56);
rect(190,70,9,9);
col(104,72,56);
rect(190,80,9,9);
col(104,72,56);
rect(190,90,9,9);
col(104,72,56);
rect(190,100,9,9);
col(104,72,56);
rect(190,110,9,9);
col(104,72,56);
rect(190,120,9,9);
col(104,72,56);
rect(190,130,9,9);
col(48,40,40);
rect(190,140,9,9);
col(48,40,40);
rect(190,150,9,9);
col(48,40,40);
rect(190,160,9,9);
col(0,0,0);
rect(190,170,9,9);
col(0,0,0);
rect(190,200,9,9);
col(0,0,0);
rect(190,210,9,9);
col(0,0,0);
rect(190,240,9,9);
col(99,173,242);
rect(190,250,9,9);
col(99,173,242);
rect(190,260,9,9);
col(0,0,0);
rect(190,270,9,9);
col(0,0,0);
rect(200,50,9,9);
col(104,72,56);
rect(200,60,9,9);
col(104,72,56);
rect(200,70,9,9);
col(104,72,56);
rect(200,80,9,9);
col(104,72,56);
rect(200,90,9,9);
col(104,72,56);
rect(200,100,9,9);
col(104,72,56);
rect(200,110,9,9);
col(104,72,56);
rect(200,120,9,9);
col(104,72,56);
rect(200,130,9,9);
col(48,40,40);
rect(200,140,9,9);
col(48,40,40);
rect(200,150,9,9);
col(48,40,40);
rect(200,160,9,9);
col(0,0,0);
rect(200,170,9,9);
col(0,0,0);
rect(200,250,9,9);
col(0,0,0);
rect(200,260,9,9);
col(0,0,0);
rect(210,60,9,9);
col(104,72,56);
rect(210,70,9,9);
col(104,72,56);
rect(210,80,9,9);
col(104,72,56);
rect(210,90,9,9);
col(104,72,56);
rect(210,100,9,9);
col(104,72,56);
rect(210,110,9,9);
col(104,72,56);
rect(210,120,9,9);
col(48,40,40);
rect(210,130,9,9);
col(48,40,40);
rect(210,140,9,9);
col(48,40,40);
rect(210,150,9,9);
col(0,0,0);
rect(210,160,9,9);
col(0,0,0);
rect(220,70,9,9);
col(0,0,0);
rect(220,80,9,9);
col(104,72,56);
rect(220,90,9,9);
col(104,72,56);
rect(220,100,9,9);
col(104,72,56);
rect(220,110,9,9);
col(104,72,56);
rect(220,120,9,9);
col(48,40,40);
rect(220,130,9,9);
col(0,0,0);
rect(220,140,9,9);
col(0,0,0);
rect(230,90,9,9);
col(0,0,0);
rect(230,100,9,9);
col(0,0,0);
rect(230,110,9,9);
col(0,0,0);
rect(230,120,9,9);
