col(0,0,0);
rect(0,72,3,3);
col(0,0,0);
rect(0,75,3,3);
col(0,0,0);
rect(3,69,3,3);
col(0,120,248);
rect(3,72,3,3);
col(0,0,0);
rect(3,75,3,3);
col(0,0,0);
rect(6,69,3,3);
col(0,120,248);
rect(6,72,3,3);
col(0,0,0);
rect(6,75,3,3);
col(0,0,0);
rect(9,33,3,3);
col(0,0,0);
rect(9,36,3,3);
col(0,0,0);
rect(9,39,3,3);
col(0,0,0);
rect(9,66,3,3);
col(0,120,248);
rect(9,69,3,3);
col(0,120,248);
rect(9,72,3,3);
col(0,0,0);
rect(9,75,3,3);
col(0,0,0);
rect(12,30,3,3);
col(0,120,248);
rect(12,33,3,3);
col(0,120,248);
rect(12,36,3,3);
col(0,120,248);
rect(12,39,3,3);
col(0,0,0);
rect(12,42,3,3);
col(0,0,0);
rect(12,66,3,3);
col(0,120,248);
rect(12,69,3,3);
col(0,120,248);
rect(12,72,3,3);
col(0,0,0);
rect(12,75,3,3);
col(0,0,0);
rect(15,27,3,3);
col(129,190,255);
rect(15,30,3,3);
col(129,190,255);
rect(15,33,3,3);
col(0,120,248);
rect(15,36,3,3);
col(0,120,248);
rect(15,39,3,3);
col(0,120,248);
rect(15,42,3,3);
col(0,0,0);
rect(15,45,3,3);
col(0,0,0);
rect(15,63,3,3);
col(0,120,248);
rect(15,66,3,3);
col(0,120,248);
rect(15,69,3,3);
col(0,120,248);
rect(15,72,3,3);
col(0,0,0);
rect(15,75,3,3);
col(0,0,0);
rect(18,27,3,3);
col(129,190,255);
rect(18,30,3,3);
col(129,190,255);
rect(18,33,3,3);
col(0,120,248);
rect(18,36,3,3);
col(0,120,248);
rect(18,39,3,3);
col(0,120,248);
rect(18,42,3,3);
col(0,120,248);
rect(18,45,3,3);
col(0,0,0);
rect(18,48,3,3);
col(0,0,0);
rect(18,60,3,3);
col(0,120,248);
rect(18,63,3,3);
col(0,120,248);
rect(18,66,3,3);
col(0,120,248);
rect(18,69,3,3);
col(0,120,248);
rect(18,72,3,3);
col(0,0,0);
rect(18,75,3,3);
col(0,0,0);
rect(21,24,3,3);
col(129,190,255);
rect(21,27,3,3);
col(129,190,255);
rect(21,30,3,3);
col(129,190,255);
rect(21,33,3,3);
col(129,190,255);
rect(21,36,3,3);
col(0,0,0);
rect(21,39,3,3);
col(0,0,0);
rect(21,42,3,3);
col(0,120,248);
rect(21,45,3,3);
col(0,120,248);
rect(21,48,3,3);
col(0,0,0);
rect(21,51,3,3);
col(0,0,0);
rect(21,57,3,3);
col(129,190,255);
rect(21,60,3,3);
col(129,190,255);
rect(21,63,3,3);
col(0,120,248);
rect(21,66,3,3);
col(0,120,248);
rect(21,69,3,3);
col(0,120,248);
rect(21,72,3,3);
col(0,0,0);
rect(21,75,3,3);
col(0,0,0);
rect(24,24,3,3);
col(129,190,255);
rect(24,27,3,3);
col(129,190,255);
rect(24,30,3,3);
col(129,190,255);
rect(24,33,3,3);
col(0,0,0);
rect(24,36,3,3);
col(0,120,248);
rect(24,39,3,3);
col(0,120,248);
rect(24,42,3,3);
col(0,120,248);
rect(24,45,3,3);
col(0,120,248);
rect(24,48,3,3);
col(0,0,0);
rect(24,51,3,3);
col(0,0,0);
rect(24,54,3,3);
col(129,190,255);
rect(24,57,3,3);
col(129,190,255);
rect(24,60,3,3);
col(129,190,255);
rect(24,63,3,3);
col(129,190,255);
rect(24,66,3,3);
col(0,120,248);
rect(24,69,3,3);
col(0,0,0);
rect(24,72,3,3);
col(0,0,0);
rect(24,75,3,3);
col(0,0,0);
rect(27,21,3,3);
col(0,0,0);
rect(27,24,3,3);
col(0,0,0);
rect(27,27,3,3);
col(129,190,255);
rect(27,30,3,3);
col(129,190,255);
rect(27,33,3,3);
col(129,190,255);
rect(27,36,3,3);
col(0,0,0);
rect(27,39,3,3);
col(0,120,248);
rect(27,42,3,3);
col(0,120,248);
rect(27,45,3,3);
col(0,0,0);
rect(27,48,3,3);
col(0,120,248);
rect(27,51,3,3);
col(0,120,248);
rect(27,54,3,3);
col(0,120,248);
rect(27,57,3,3);
col(129,190,255);
rect(27,60,3,3);
col(129,190,255);
rect(27,63,3,3);
col(129,190,255);
rect(27,66,3,3);
col(0,0,0);
rect(27,69,3,3);
col(0,0,0);
rect(30,15,3,3);
col(0,0,0);
rect(30,18,3,3);
col(129,190,255);
rect(30,21,3,3);
col(129,190,255);
rect(30,24,3,3);
col(129,190,255);
rect(30,27,3,3);
col(0,0,0);
rect(30,30,3,3);
col(0,0,0);
rect(30,33,3,3);
col(129,190,255);
rect(30,36,3,3);
col(129,190,255);
rect(30,39,3,3);
col(0,0,0);
rect(30,42,3,3);
col(0,0,0);
rect(30,45,3,3);
col(129,190,255);
rect(30,48,3,3);
col(0,120,248);
rect(30,51,3,3);
col(0,120,248);
rect(30,54,3,3);
col(0,120,248);
rect(30,57,3,3);
col(0,120,248);
rect(30,60,3,3);
col(129,190,255);
rect(30,63,3,3);
col(0,0,0);
rect(30,66,3,3);
col(0,0,0);
rect(33,12,3,3);
col(0,120,248);
rect(33,15,3,3);
col(0,120,248);
rect(33,18,3,3);
col(0,120,248);
rect(33,21,3,3);
col(0,120,248);
rect(33,24,3,3);
col(0,120,248);
rect(33,27,3,3);
col(0,120,248);
rect(33,30,3,3);
col(0,120,248);
rect(33,33,3,3);
col(0,0,0);
rect(33,36,3,3);
col(129,190,255);
rect(33,39,3,3);
col(129,190,255);
rect(33,42,3,3);
col(129,190,255);
rect(33,45,3,3);
col(129,190,255);
rect(33,48,3,3);
col(129,190,255);
rect(33,51,3,3);
col(0,120,248);
rect(33,54,3,3);
col(0,120,248);
rect(33,57,3,3);
col(0,120,248);
rect(33,60,3,3);
col(0,0,0);
rect(33,63,3,3);
col(0,0,0);
rect(36,9,3,3);
col(0,120,248);
rect(36,12,3,3);
col(0,120,248);
rect(36,15,3,3);
col(0,120,248);
rect(36,18,3,3);
col(0,120,248);
rect(36,21,3,3);
col(0,120,248);
rect(36,24,3,3);
col(248,216,120);
rect(36,27,3,3);
col(248,216,120);
rect(36,30,3,3);
col(248,216,120);
rect(36,33,3,3);
col(0,120,248);
rect(36,36,3,3);
col(0,0,0);
rect(36,39,3,3);
col(129,190,255);
rect(36,42,3,3);
col(129,190,255);
rect(36,45,3,3);
col(129,190,255);
rect(36,48,3,3);
col(129,190,255);
rect(36,51,3,3);
col(0,120,248);
rect(36,54,3,3);
col(0,120,248);
rect(36,57,3,3);
col(0,120,248);
rect(36,60,3,3);
col(0,0,0);
rect(36,63,3,3);
col(0,0,0);
rect(36,72,3,3);
col(0,0,0);
rect(36,75,3,3);
col(0,0,0);
rect(39,9,3,3);
col(0,120,248);
rect(39,12,3,3);
col(0,120,248);
rect(39,15,3,3);
col(0,120,248);
rect(39,18,3,3);
col(0,120,248);
rect(39,21,3,3);
col(248,216,120);
rect(39,24,3,3);
col(248,248,248);
rect(39,27,3,3);
col(248,248,248);
rect(39,30,3,3);
col(248,216,120);
rect(39,33,3,3);
col(248,216,120);
rect(39,36,3,3);
col(248,216,120);
rect(39,39,3,3);
col(0,0,0);
rect(39,42,3,3);
col(129,190,255);
rect(39,45,3,3);
col(129,190,255);
rect(39,48,3,3);
col(129,190,255);
rect(39,51,3,3);
col(0,120,248);
rect(39,54,3,3);
col(0,120,248);
rect(39,57,3,3);
col(0,120,248);
rect(39,60,3,3);
col(129,190,255);
rect(39,63,3,3);
col(0,0,0);
rect(39,66,3,3);
col(0,0,0);
rect(39,69,3,3);
col(0,120,248);
rect(39,72,3,3);
col(0,0,0);
rect(39,75,3,3);
col(0,0,0);
rect(42,6,3,3);
col(0,0,0);
rect(42,9,3,3);
col(0,120,248);
rect(42,12,3,3);
col(0,120,248);
rect(42,15,3,3);
col(0,120,248);
rect(42,18,3,3);
col(0,120,248);
rect(42,21,3,3);
col(248,248,248);
rect(42,24,3,3);
col(248,248,248);
rect(42,27,3,3);
col(248,248,248);
rect(42,30,3,3);
col(248,248,248);
rect(42,33,3,3);
col(0,0,0);
rect(42,36,3,3);
col(248,216,120);
rect(42,39,3,3);
col(0,0,0);
rect(42,42,3,3);
col(129,190,255);
rect(42,45,3,3);
col(129,190,255);
rect(42,48,3,3);
col(129,190,255);
rect(42,51,3,3);
col(0,120,248);
rect(42,54,3,3);
col(0,120,248);
rect(42,57,3,3);
col(129,190,255);
rect(42,60,3,3);
col(129,190,255);
rect(42,63,3,3);
col(0,120,248);
rect(42,66,3,3);
col(0,120,248);
rect(42,69,3,3);
col(0,120,248);
rect(42,72,3,3);
col(0,0,0);
rect(42,75,3,3);
col(0,0,0);
rect(45,6,3,3);
col(129,190,255);
rect(45,9,3,3);
col(0,0,0);
rect(45,12,3,3);
col(0,120,248);
rect(45,15,3,3);
col(0,120,248);
rect(45,18,3,3);
col(0,120,248);
rect(45,21,3,3);
col(248,248,248);
rect(45,24,3,3);
col(0,0,0);
rect(45,27,3,3);
col(0,0,0);
rect(45,30,3,3);
col(248,248,248);
rect(45,33,3,3);
col(0,0,0);
rect(45,36,3,3);
col(248,216,120);
rect(45,39,3,3);
col(0,0,0);
rect(45,42,3,3);
col(129,190,255);
rect(45,45,3,3);
col(129,190,255);
rect(45,48,3,3);
col(129,190,255);
rect(45,51,3,3);
col(0,120,248);
rect(45,54,3,3);
col(129,190,255);
rect(45,57,3,3);
col(129,190,255);
rect(45,60,3,3);
col(129,190,255);
rect(45,63,3,3);
col(0,120,248);
rect(45,66,3,3);
col(0,120,248);
rect(45,69,3,3);
col(0,120,248);
rect(45,72,3,3);
col(0,0,0);
rect(45,75,3,3);
col(0,0,0);
rect(48,6,3,3);
col(129,190,255);
rect(48,9,3,3);
col(129,190,255);
rect(48,12,3,3);
col(0,0,0);
rect(48,15,3,3);
col(0,0,0);
rect(48,18,3,3);
col(0,120,248);
rect(48,21,3,3);
col(248,248,248);
rect(48,24,3,3);
col(0,0,0);
rect(48,27,3,3);
col(0,0,0);
rect(48,30,3,3);
col(248,248,248);
rect(48,33,3,3);
col(0,0,0);
rect(48,36,3,3);
col(248,216,120);
rect(48,39,3,3);
col(0,0,0);
rect(48,42,3,3);
col(129,190,255);
rect(48,45,3,3);
col(129,190,255);
rect(48,48,3,3);
col(0,0,0);
rect(48,51,3,3);
col(0,0,0);
rect(48,54,3,3);
col(0,0,0);
rect(48,57,3,3);
col(129,190,255);
rect(48,60,3,3);
col(0,120,248);
rect(48,63,3,3);
col(0,120,248);
rect(48,66,3,3);
col(0,120,248);
rect(48,69,3,3);
col(0,120,248);
rect(48,72,3,3);
col(0,0,0);
rect(48,75,3,3);
col(0,0,0);
rect(51,9,3,3);
col(129,190,255);
rect(51,12,3,3);
col(0,0,0);
rect(51,15,3,3);
col(129,190,255);
rect(51,18,3,3);
col(0,0,0);
rect(51,21,3,3);
col(0,120,248);
rect(51,24,3,3);
col(248,216,120);
rect(51,27,3,3);
col(248,216,120);
rect(51,30,3,3);
col(248,216,120);
rect(51,33,3,3);
col(0,0,0);
rect(51,36,3,3);
col(248,216,120);
rect(51,39,3,3);
col(0,0,0);
rect(51,42,3,3);
col(129,190,255);
rect(51,45,3,3);
col(0,0,0);
rect(51,48,3,3);
col(0,0,0);
rect(51,60,3,3);
col(0,120,248);
rect(51,63,3,3);
col(0,120,248);
rect(51,66,3,3);
col(0,0,0);
rect(51,69,3,3);
col(0,120,248);
rect(51,72,3,3);
col(0,0,0);
rect(51,75,3,3);
col(0,0,0);
rect(54,12,3,3);
col(0,0,0);
rect(54,15,3,3);
col(129,190,255);
rect(54,18,3,3);
col(0,0,0);
rect(54,21,3,3);
col(0,120,248);
rect(54,24,3,3);
col(0,0,0);
rect(54,27,3,3);
col(0,0,0);
rect(54,30,3,3);
col(248,248,248);
rect(54,33,3,3);
col(248,216,120);
rect(54,36,3,3);
col(0,0,0);
rect(54,39,3,3);
col(129,190,255);
rect(54,42,3,3);
col(0,0,0);
rect(54,45,3,3);
col(0,0,0);
rect(54,63,3,3);
col(0,0,0);
rect(54,66,3,3);
col(0,0,0);
rect(54,69,3,3);
col(0,120,248);
rect(54,72,3,3);
col(0,0,0);
rect(54,75,3,3);
col(0,0,0);
rect(57,15,3,3);
col(0,120,248);
rect(57,18,3,3);
col(0,120,248);
rect(57,21,3,3);
col(248,248,248);
rect(57,24,3,3);
col(248,248,248);
rect(57,27,3,3);
col(248,248,248);
rect(57,30,3,3);
col(248,216,120);
rect(57,33,3,3);
col(0,0,0);
rect(57,36,3,3);
col(129,190,255);
rect(57,39,3,3);
col(129,190,255);
rect(57,42,3,3);
col(0,0,0);
rect(57,45,3,3);
col(0,0,0);
rect(57,69,3,3);
col(0,120,248);
rect(57,72,3,3);
col(0,0,0);
rect(57,75,3,3);
col(0,0,0);
rect(60,18,3,3);
col(0,0,0);
rect(60,21,3,3);
col(0,0,0);
rect(60,24,3,3);
col(0,0,0);
rect(60,27,3,3);
col(0,0,0);
rect(60,30,3,3);
col(0,0,0);
rect(60,33,3,3);
col(0,0,0);
rect(60,36,3,3);
col(129,190,255);
rect(60,39,3,3);
col(129,190,255);
rect(60,42,3,3);
col(0,0,0);
rect(60,45,3,3);
col(0,0,0);
rect(60,72,3,3);
col(0,0,0);
rect(60,75,3,3);
col(0,0,0);
rect(63,33,3,3);
col(129,190,255);
rect(63,36,3,3);
col(129,190,255);
rect(63,39,3,3);
col(129,190,255);
rect(63,42,3,3);
col(0,0,0);
rect(63,45,3,3);
col(0,0,0);
rect(66,33,3,3);
col(129,190,255);
rect(66,36,3,3);
col(129,190,255);
rect(66,39,3,3);
col(129,190,255);
rect(66,42,3,3);
col(0,0,0);
rect(66,45,3,3);
col(0,0,0);
rect(69,33,3,3);
col(0,0,0);
rect(69,36,3,3);
col(0,0,0);
rect(69,39,3,3);
col(0,0,0);
rect(69,42,3,3);
col(0,0,0);
rect(72,30,3,3);
col(0,120,248);
rect(72,33,3,3);
col(0,120,248);
rect(72,36,3,3);
col(0,120,248);
rect(72,39,3,3);
col(0,120,248);
rect(72,42,3,3);
col(0,0,0);
rect(72,45,3,3);
col(0,0,0);
rect(75,30,3,3);
col(0,120,248);
rect(75,33,3,3);
col(129,190,255);
rect(75,36,3,3);
col(0,120,248);
rect(75,39,3,3);
col(0,120,248);
rect(75,42,3,3);
col(0,0,0);
rect(75,45,3,3);
col(0,0,0);
rect(78,30,3,3);
col(0,120,248);
rect(78,33,3,3);
col(129,190,255);
rect(78,36,3,3);
col(0,120,248);
rect(78,39,3,3);
col(0,120,248);
rect(78,42,3,3);
col(0,0,0);
rect(78,45,3,3);
col(0,0,0);
rect(81,30,3,3);
col(0,0,0);
rect(81,33,3,3);
col(129,190,255);
rect(81,36,3,3);
col(0,120,248);
rect(81,39,3,3);
col(0,0,0);
rect(81,42,3,3);
col(0,0,0);
rect(81,45,3,3);
col(0,0,0);
rect(84,33,3,3);
col(0,0,0);
rect(84,36,3,3);
col(0,0,0);
rect(84,39,3,3);
col(0,0,0);
rect(84,42,3,3);
col(0,0,0);
rect(87,33,3,3);
col(129,190,255);
rect(87,36,3,3);
col(0,120,248);
rect(87,39,3,3);
col(0,0,0);
rect(87,42,3,3);
col(0,0,0);
rect(90,36,3,3);
col(0,0,0);
rect(90,39,3,3);
